000000000000000000000000
000000010011000000110001
000000101000101011101111
000000111111111111101100
000001010111110001001111
000001101110101111100101
000010000011101001110111
000010010101010100101000
000010100010101110111100
000010101011000110111011
000010101101111101001010
000010101011000110111011
000010100010101110111100
000010010101010100101000
000010000011101001110111
000001101110101111100101
000001010111110001001111
000000111111111111101100
000000101000101011101111
000000010011000000110001
000000000000000000000000

